5 97 255 
5 99 253 
5 101 252 
5 103 251 
5 104 250 
5 106 248 
5 108 247 
5 110 246 
5 112 245 
5 113 244 
5 115 242 
5 117 241 
5 119 240 
5 121 239 
5 122 237 
5 124 236 
5 126 235 
5 128 234 
5 130 233 
5 131 231 
5 133 229 
5 134 228 
5 136 226 
5 137 225 
5 139 223 
5 140 221 
5 142 220 
5 143 218 
5 145 217 
5 146 215 
5 148 213 
5 150 212 
5 151 210 
5 153 208 
5 154 207 
5 156 205 
5 157 204 
5 159 202 
5 160 200 
5 161 198 
5 163 196 
5 164 194 
5 166 192 
5 167 190 
5 169 188 
5 170 186 
5 171 184 
5 173 182 
5 174 181 
5 176 179 
5 177 177 
5 178 175 
5 180 173 
5 181 171 
5 183 169 
5 184 167 
5 186 165 
5 187 162 
5 189 160 
5 190 158 
5 192 156 
5 193 153 
5 195 151 
5 197 149 
5 198 147 
5 200 144 
5 201 142 
5 203 140 
5 204 138 
5 206 135 
5 207 133 
5 209 131 
5 211 129 
5 212 126 
5 214 123 
5 215 120 
5 216 118 
5 218 115 
5 219 112 
5 221 109 
6 222 106 
6 223 103 
6 225 101 
6 226 98 
6 228 95 
6 229 92 
6 230 89 
5 232 86 
5 233 83 
5 235 81 
4 236 78 
4 237 75 
14 238 69 
25 239 63 
36 240 58 
47 241 52 
58 242 46 
68 243 40 
78 243 38 
87 244 36 
96 244 34 
105 244 32 
115 245 31 
124 245 29 
131 246 26 
137 246 24 
143 247 21 
150 248 18 
156 248 15 
162 249 13 
168 249 12 
173 250 11 
178 250 11 
183 250 10 
188 251 10 
193 251 9 
198 251 8 
203 252 8 
208 252 7 
213 252 7 
218 253 6 
222 253 6 
227 253 5 
232 253 5 
237 254 5 
242 254 4 
247 254 4 
252 255 4 
255 254 5 
255 252 8 
255 250 10 
255 248 13 
255 246 16 
255 245 19 
255 243 21 
255 241 24 
255 239 27 
255 237 30 
255 235 33 
255 233 36 
255 232 39 
255 230 42 
255 228 45 
255 226 48 
255 224 50 
255 222 53 
255 220 55 
255 218 55 
255 216 55 
255 214 55 
255 212 55 
255 210 55 
255 208 55 
255 206 55 
255 204 55 
255 202 55 
255 200 55 
255 198 55 
255 196 55 
255 194 55 
255 192 55 
255 190 55 
255 188 55 
255 186 55 
255 184 55 
255 182 55 
255 180 55 
255 178 55 
255 176 55 
255 174 55 
255 172 55 
255 170 55 
255 168 55 
255 166 55 
255 164 55 
255 162 55 
255 160 55 
255 158 55 
255 156 55 
255 154 55 
255 152 55 
255 150 55 
255 147 55 
255 145 55 
255 143 55 
255 140 55 
255 138 55 
255 136 55 
255 133 55 
255 131 55 
255 129 55 
255 126 55 
255 124 55 
255 122 55 
255 119 55 
255 117 55 
255 114 55 
255 112 55 
255 110 55 
255 107 55 
255 105 55 
255 102 55 
255 99 55 
254 96 55 
254 92 54 
254 89 54 
254 86 54 
253 83 53 
253 80 52 
253 77 52 
252 74 51 
252 71 50 
252 68 49 
252 64 49 
252 59 50 
252 54 51 
252 50 52 
252 45 52 
253 40 53 
252 37 55 
250 36 56 
249 35 58 
247 33 60 
245 32 62 
243 31 63 
242 29 65 
240 28 67 
238 26 68 
236 24 70 
234 23 72 
232 21 73 
230 20 75 
228 18 77 
226 16 78 
224 15 80 
222 13 81 
220 11 83 
218 10 85 
215 10 86 
213 11 87 
211 11 88 
208 11 89 
206 11 90 
203 11 92 
201 11 93 
199 11 94 
196 11 95 
194 12 96 
191 12 97 
189 12 99 
186 12 100 
184 12 101 
182 12 102 
179 12 103 
177 13 104 
174 13 106 
